 frequency       frequency       frequency       v(s11_in)       v(s11_in)       v(s11_out)      v(s11_out)      v(s22_out)      v(s22_out)      v(s22_in)       v(s22_in)      
 1.00000000e+06  1.00000000e+06  0.00000000e+00  9.97835434e-01 -2.48944703e-03  7.49045478e-04 -5.94723081e-03  1.03526535e-01  7.39153946e-03 -1.11545049e-07 -1.40527685e-08 
 1.04712855e+06  1.04712855e+06  0.00000000e+00  9.97830649e-01 -2.59237755e-03  7.79405657e-04 -6.23145468e-03  1.03532892e-01  7.73984926e-03 -1.22384064e-07 -1.53117064e-08 
 1.09647820e+06  1.09647820e+06  0.00000000e+00  9.97825588e-01 -2.70077990e-03  8.12652486e-04 -6.52909202e-03  1.03539863e-01  8.10456806e-03 -1.34272829e-07 -1.67174994e-08 
 1.14815362e+06  1.14815362e+06  0.00000000e+00  9.97820206e-01 -2.81488343e-03  8.49066827e-04 -6.84080241e-03  1.03547506e-01  8.48646827e-03 -1.47313418e-07 -1.82900454e-08 
 1.20226443e+06  1.20226443e+06  0.00000000e+00  9.97814460e-01 -2.93492908e-03  8.88956172e-04 -7.16727957e-03  1.03555886e-01  8.88635853e-03 -1.61617918e-07 -2.00520948e-08 
 1.25892541e+06  1.25892541e+06  0.00000000e+00  9.97808301e-01 -3.06116983e-03  9.32657193e-04 -7.50925341e-03  1.03565075e-01  9.30508545e-03 -1.77309424e-07 -2.20296670e-08 
 1.31825674e+06  1.31825674e+06  0.00000000e+00  9.97801676e-01 -3.19387125e-03  9.80538542e-04 -7.86749235e-03  1.03575150e-01  9.74353537e-03 -1.94523140e-07 -2.42525282e-08 
 1.38038426e+06  1.38038426e+06  0.00000000e+00  9.97794530e-01 -3.33331198e-03  1.03300389e-03 -8.24280568e-03  1.03586197e-01  1.02026362e-02 -2.13407597e-07 -2.67547389e-08 
 1.44543977e+06  1.44543977e+06  0.00000000e+00  9.97786802e-01 -3.47978428e-03  1.09049528e-03 -8.63604630e-03  1.03598310e-01  1.06833592e-02 -2.34125995e-07 -2.95752811e-08 
 1.51356125e+06  1.51356125e+06  0.00000000e+00  9.97778427e-01 -3.63359461e-03  1.15349673e-03 -9.04811357e-03  1.03611591e-01  1.11867214e-02 -2.56857685e-07 -3.27587780e-08 
 1.58489319e+06  1.58489319e+06  0.00000000e+00  9.97769335e-01 -3.79506415e-03  1.22253824e-03 -9.47995644e-03  1.03626154e-01  1.17137871e-02 -2.81799810e-07 -3.63563179e-08 
 1.65958691e+06  1.65958691e+06  0.00000000e+00  9.97759448e-01 -3.96452941e-03  1.29820012e-03 -9.93257691e-03  1.03642122e-01  1.22656708e-02 -3.09169118e-07 -4.04263992e-08 
 1.73780083e+06  1.73780083e+06  0.00000000e+00  9.97748683e-01 -4.14234286e-03  1.38111772e-03 -1.04070338e-02  1.03659630e-01  1.28435387e-02 -3.39203975e-07 -4.50360123e-08 
 1.81970086e+06  1.81970086e+06  0.00000000e+00  9.97736949e-01 -4.32887349e-03  1.47198655e-03 -1.09044468e-02  1.03678827e-01  1.34486117e-02 -3.72166592e-07 -5.02618794e-08 
 1.90546072e+06  1.90546072e+06  0.00000000e+00  9.97724148e-01 -4.52450747e-03  1.57156798e-03 -1.14260010e-02  1.03699876e-01  1.40821677e-02 -4.08345491e-07 -5.61918746e-08 
 1.99526231e+06  1.99526231e+06  0.00000000e+00  9.97710171e-01 -4.72964878e-03  1.68069528e-03 -1.19729520e-02  1.03722955e-01  1.47455441e-02 -4.48058257e-07 -6.29266496e-08 
 2.08929613e+06  2.08929613e+06  0.00000000e+00  9.97694901e-01 -4.94471987e-03  1.80028036e-03 -1.25466312e-02  1.03748261e-01  1.54401407e-02 -4.91654578e-07 -7.05814952e-08 
 2.18776162e+06  2.18776162e+06  0.00000000e+00  9.97678209e-01 -5.17016229e-03  1.93132095e-03 -1.31484520e-02  1.03776008e-01  1.61674222e-02 -5.39519644e-07 -7.92884717e-08 
 2.29086765e+06  2.29086765e+06  0.00000000e+00  9.97659955e-01 -5.40643740e-03  2.07490853e-03 -1.37799162e-02  1.03806431e-01  1.69289217e-02 -5.92077926e-07 -8.91988464e-08 
 2.39883292e+06  2.39883292e+06  0.00000000e+00  9.97639986e-01 -5.65402696e-03  2.23223690e-03 -1.44426221e-02  1.03839789e-01  1.77262432e-02 -6.49797386e-07 -1.00485882e-07 
 2.51188643e+06  2.51188643e+06  0.00000000e+00  9.97618134e-01 -5.91343386e-03  2.40461140e-03 -1.51382718e-02  1.03876365e-01  1.85610651e-02 -7.13194190e-07 -1.13348027e-07 
 2.63026799e+06  2.63026799e+06  0.00000000e+00  9.97594216e-01 -6.18518271e-03  2.59345904e-03 -1.58686811e-02  1.03916468e-01  1.94351434e-02 -7.82837963e-07 -1.28012554e-07 
 2.75422870e+06  2.75422870e+06  0.00000000e+00  9.97568032e-01 -6.46982051e-03  2.80033938e-03 -1.66357894e-02  1.03960440e-01  2.03503153e-02 -8.59357687e-07 -1.44739731e-07 
 2.88403150e+06  2.88403150e+06  0.00000000e+00  9.97539363e-01 -6.76791724e-03  3.02695627e-03 -1.74416714e-02  1.04008653e-01  2.13085025e-02 -9.43448307e-07 -1.63827571e-07 
 3.01995172e+06  3.01995172e+06  0.00000000e+00  9.97507969e-01 -7.08006644e-03  3.27517059e-03 -1.82885491e-02  1.04061517e-01  2.23117152e-02 -1.03587815e-06 -1.85617263e-07 
 3.16227766e+06  3.16227766e+06  0.00000000e+00  9.97473589e-01 -7.40688575e-03  3.54701393e-03 -1.91788069e-02  1.04119478e-01  2.33620556e-02 -1.13749726e-06 -2.10499358e-07 
 3.31131121e+06  3.31131121e+06  0.00000000e+00  9.97435938e-01 -7.74901739e-03  3.84470328e-03 -2.01150070e-02  1.04183030e-01  2.44617223e-02 -1.24924683e-06 -2.38920832e-07 
 3.46736850e+06  3.46736850e+06  0.00000000e+00  9.97394701e-01 -8.10712858e-03  4.17065686e-03 -2.10999073e-02  1.04252711e-01  2.56130140e-02 -1.37216977e-06 -2.71393121e-07 
 3.63078055e+06  3.63078055e+06  0.00000000e+00  9.97349539e-01 -8.48191184e-03  4.52751100e-03 -2.21364818e-02  1.04329112e-01  2.68183339e-02 -1.50742272e-06 -3.08501279e-07 
 3.80189396e+06  3.80189396e+06  0.00000000e+00  9.97300077e-01 -8.87408530e-03  4.91813813e-03 -2.32279424e-02  1.04412880e-01  2.80801940e-02 -1.65628964e-06 -3.50914378e-07 
 3.98107171e+06  3.98107171e+06  0.00000000e+00  9.97245909e-01 -9.28439270e-03  5.34566600e-03 -2.43777651e-02  1.04504727e-01  2.94012197e-02 -1.82019717e-06 -3.99397344e-07 
 4.16869383e+06  4.16869383e+06  0.00000000e+00  9.97186588e-01 -9.71360345e-03  5.81349794e-03 -2.55897175e-02  1.04605429e-01  3.07841541e-02 -2.00073216e-06 -4.54824372e-07 
 4.36515832e+06  4.36515832e+06  0.00000000e+00  9.97121629e-01 -1.01625124e-02  6.32533428e-03 -2.68678915e-02  1.04715841e-01  3.22318631e-02 -2.19966156e-06 -5.18194143e-07 
 4.57088190e+06  4.57088190e+06  0.00000000e+00  9.97050501e-01 -1.06319393e-02  6.88519482e-03 -2.82167388e-02  1.04836898e-01  3.37473398e-02 -2.41895512e-06 -5.90647053e-07 
 4.78630092e+06  4.78630092e+06  0.00000000e+00  9.96972627e-01 -1.11227283e-02  7.49744224e-03 -2.96411116e-02  1.04969625e-01  3.53337095e-02 -2.66081133e-06 -6.73484685e-07 
 5.01187234e+06  5.01187234e+06  0.00000000e+00  9.96887374e-01 -1.16357472e-02  8.16680636e-03 -3.11463079e-02  1.05115148e-01  3.69942344e-02 -2.92768703e-06 -7.68191783e-07 
 5.24807460e+06  5.24807460e+06  0.00000000e+00  9.96794057e-01 -1.21718855e-02  8.89840896e-03 -3.27381232e-02  1.05274697e-01  3.87323190e-02 -3.22233143e-06 -8.76461012e-07 
 5.49540874e+06  5.49540874e+06  0.00000000e+00  9.96691926e-01 -1.27320536e-02  9.69778902e-03 -3.44229075e-02  1.05449624e-01  4.05515146e-02 -3.54782503e-06 -1.00022078e-06 
 5.75439937e+06  5.75439937e+06  0.00000000e+00  9.96580167e-01 -1.33171802e-02  1.05709280e-02 -3.62076306e-02  1.05641409e-01  4.24555244e-02 -3.90762442e-06 -1.14166645e-06 
 6.02559586e+06  6.02559586e+06  0.00000000e+00  9.96457894e-01 -1.39282100e-02  1.15242745e-02 -3.80999545e-02  1.05851674e-01  4.44482081e-02 -4.30561382e-06 -1.30329523e-06 
 6.30957344e+06  6.30957344e+06  0.00000000e+00  9.96324143e-01 -1.45661003e-02  1.25647683e-02 -4.01083153e-02  1.06082198e-01  4.65335870e-02 -4.74616442e-06 -1.48794513e-06 
 6.60693448e+06  6.60693448e+06  0.00000000e+00  9.96177869e-01 -1.52318175e-02  1.36998622e-02 -4.22420148e-02  1.06334929e-01  4.87158481e-02 -5.23420281e-06 -1.69883817e-06 
 6.91830971e+06  6.91830971e+06  0.00000000e+00  9.96017938e-01 -1.59263323e-02  1.49375417e-02 -4.45113229e-02  1.06612003e-01  5.09993487e-02 -5.77529002e-06 -1.93962828e-06 
 7.24435960e+06  7.24435960e+06  0.00000000e+00  9.95843120e-01 -1.66506147e-02  1.62863405e-02 -4.69275923e-02  1.06915758e-01  5.33886202e-02 -6.37571281e-06 -2.21445404e-06 
 7.58577575e+06  7.58577575e+06  0.00000000e+00  9.95652085e-01 -1.74056274e-02  1.77553513e-02 -4.95033869e-02  1.07248761e-01  5.58883713e-02 -7.04258919e-06 -2.52799650e-06 
 7.94328235e+06  7.94328235e+06  0.00000000e+00  9.95443395e-01 -1.81923189e-02  1.93542302e-02 -5.22526238e-02  1.07613817e-01  5.85034916e-02 -7.78399049e-06 -2.88554217e-06 
 8.31763771e+06  8.31763771e+06  0.00000000e+00  9.95215497e-01 -1.90116144e-02  2.10931914e-02 -5.51907320e-02  1.08014006e-01  6.12390530e-02 -8.60908262e-06 -3.29305112e-06 
 8.70963590e+06  8.70963590e+06  0.00000000e+00  9.94966718e-01 -1.98644066e-02  2.29829925e-02 -5.83348282e-02  1.08452696e-01  6.41003118e-02 -9.52828940e-06 -3.75722997e-06 
 9.12010839e+06  9.12010839e+06  0.00000000e+00  9.94695258e-01 -2.07515444e-02  2.50349044e-02 -6.17039104e-02  1.08933578e-01  6.70927088e-02 -1.05534817e-05 -4.28560937e-06 
 9.54992586e+06  9.54992586e+06  0.00000000e+00  9.94399184e-01 -2.16738200e-02  2.72606655e-02 -6.53190713e-02  1.09460695e-01  7.02218682e-02 -1.16981958e-05 -4.88662501e-06 
 1.00000000e+07  1.00000000e+07  0.00000000e+00  9.94076425e-01 -2.26319547e-02  2.96724148e-02 -6.92037323e-02  1.10038470e-01  7.34935955e-02 -1.29778865e-05 -5.56970113e-06 
 1.04712855e+07  1.04712855e+07  0.00000000e+00  9.93724765e-01 -2.36265827e-02  3.22825988e-02 -7.33838984e-02  1.10671748e-01  7.69138730e-02 -1.44102181e-05 -6.34533449e-06 
 1.09647820e+07  1.09647820e+07  0.00000000e+00  9.93341846e-01 -2.46582329e-02  3.51038496e-02 -7.78884347e-02  1.11365829e-01  8.04888539e-02 -1.60154015e-05 -7.22517665e-06 
 1.14815362e+07  1.14815362e+07  0.00000000e+00  9.92925158e-01 -2.57273090e-02  3.81488252e-02 -8.27493641e-02  1.12126512e-01  8.42248527e-02 -1.78165808e-05 -8.22211080e-06 
 1.20226443e+07  1.20226443e+07  0.00000000e+00  9.92472043e-01 -2.68340669e-02  4.14300082e-02 -8.80021856e-02  1.12960142e-01  8.81283338e-02 -1.98402788e-05 -9.35031914e-06 
 1.25892541e+07  1.25892541e+07  0.00000000e+00  9.91979694e-01 -2.79785908e-02  4.49594529e-02 -9.36862111e-02  1.13873654e-01  9.22058961e-02 -2.21169069e-05 -1.06253346e-05 
 1.31825674e+07  1.31825674e+07  0.00000000e+00  9.91445164e-01 -2.91607665e-02  4.87484750e-02 -9.98449186e-02  1.14874630e-01  9.64642529e-02 -2.46813486e-05 -1.20640701e-05 
 1.38038426e+07  1.38038426e+07  0.00000000e+00  9.90865366e-01 -3.03802528e-02  5.28072728e-02 -1.06526316e-01  1.15971353e-01  1.00910208e-01 -2.75736247e-05 -1.36848152e-05 
 1.44543977e+07  1.44543977e+07  0.00000000e+00  9.90237091e-01 -3.16364514e-02  5.71444716e-02 -1.13783313e-01  1.17172869e-01  1.05550625e-01 -3.08396480e-05 -1.55071897e-05 
 1.51356125e+07  1.51356125e+07  0.00000000e+00  9.89557017e-01 -3.29284746e-02  6.17665800e-02 -1.21674087e-01  1.18489049e-01  1.10392393e-01 -3.45320774e-05 -1.75520390e-05 
 1.58489319e+07  1.58489319e+07  0.00000000e+00  9.88821735e-01 -3.42551120e-02  6.66773485e-02 -1.30262441e-01  1.19930660e-01  1.15442377e-01 -3.87112787e-05 -1.98412544e-05 
 1.65958691e+07  1.65958691e+07  0.00000000e+00  9.88027772e-01 -3.56147967e-02  7.18770191e-02 -1.39618130e-01  1.21509439e-01  1.20707371e-01 -4.34463992e-05 -2.23974978e-05 
 1.73780083e+07  1.73780083e+07  0.00000000e+00  9.87171622e-01 -3.70055706e-02  7.73614560e-02 -1.49817152e-01  1.23238163e-01  1.26194033e-01 -4.88165626e-05 -2.52438049e-05 
 1.81970086e+07  1.81970086e+07  0.00000000e+00  9.86249788e-01 -3.84250515e-02  8.31211490e-02 -1.60941973e-01  1.25130736e-01  1.31908810e-01 -5.49121867e-05 -2.84030403e-05 
 1.90546072e+07  1.90546072e+07  0.00000000e+00  9.85258830e-01 -3.98704013e-02  8.91400813e-02 -1.73081663e-01  1.27202265e-01  1.37857851e-01 -6.18364249e-05 -3.18971683e-05 
 1.99526231e+07  1.99526231e+07  0.00000000e+00  9.84195416e-01 -4.13382977e-02  9.53944580e-02 -1.86331926e-01  1.29469147e-01  1.44046904e-01 -6.97067257e-05 -3.57463038e-05 
 2.08929613e+07  2.08929613e+07  0.00000000e+00  9.83056390e-01 -4.28249106e-02  1.01851295e-01 -2.00794977e-01  1.31949152e-01  1.50481203e-01 -7.86565010e-05 -3.99674992e-05 
 2.18776162e+07  2.18776162e+07  0.00000000e+00  9.81838842e-01 -4.43258846e-02  1.08466870e-01 -2.16579239e-01  1.34661507e-01  1.57165324e-01 -8.88368839e-05 -4.45732205e-05 
 2.29086765e+07  2.29086765e+07  0.00000000e+00  9.80540193e-01 -4.58363301e-02  1.15185054e-01 -2.33798817e-01  1.37626977e-01  1.64103032e-01 -1.00418550e-04 -4.95694632e-05 
 2.39883292e+07  2.39883292e+07  0.00000000e+00  9.79158278e-01 -4.73508254e-02  1.21935528e-01 -2.52572711e-01  1.40867938e-01  1.71297103e-01 -1.13593562e-04 -5.49534537e-05 
 2.51188643e+07  2.51188643e+07  0.00000000e+00  9.77691449e-01 -4.88634308e-02  1.28631931e-01 -2.73023717e-01  1.44408446e-01  1.78749118e-01 -1.28577188e-04 -6.07108838e-05 
 2.63026799e+07  2.63026799e+07  0.00000000e+00  9.76138671e-01 -5.03677183e-02  1.35169965e-01 -2.95276973e-01  1.48274291e-01  1.86459236e-01 -1.45609622e-04 -6.68126261e-05 
 2.75422870e+07  2.75422870e+07  0.00000000e+00  9.74499633e-01 -5.18568188e-02  1.41425514e-01 -3.19458113e-01  1.52493036e-01  1.94425935e-01 -1.64957532e-04 -7.32108816e-05 
 2.88403150e+07  2.88403150e+07  0.00000000e+00  9.72774848e-01 -5.33234880e-02  1.47252837e-01 -3.45690993e-01  1.57094036e-01  2.02645732e-01 -1.86915324e-04 -7.98347232e-05 
 3.01995172e+07  3.01995172e+07  0.00000000e+00  9.70965764e-01 -5.47601947e-02  1.52482927e-01 -3.74094948e-01  1.62108426e-01  2.11112863e-01 -2.11806015e-04 -8.65850049e-05 
 3.16227766e+07  3.16227766e+07  0.00000000e+00  9.69074853e-01 -5.61592299e-02  1.56922100e-01 -4.04781582e-01  1.67569080e-01  2.19818949e-01 -2.39981565e-04 -9.33286309e-05 
 3.31131121e+07  3.31131121e+07  0.00000000e+00  9.67105706e-01 -5.75128395e-02  1.60350949e-01 -4.37851074e-01  1.73510530e-01  2.28752622e-01 -2.71822531e-04 -9.98921959e-05 
 3.46736850e+07  3.46736850e+07  0.00000000e+00  9.65063094e-01 -5.88133785e-02  1.62523742e-01 -4.73388031e-01  1.79968833e-01  2.37899135e-01 -3.07736859e-04 -1.06055041e-04 
 3.63078055e+07  3.63078055e+07  0.00000000e+00  9.62953025e-01 -6.00534869e-02  1.63168408e-01 -5.11456930e-01  1.86981385e-01  2.47239947e-01 -3.48157665e-04 -1.11541797e-04 
 3.80189396e+07  3.80189396e+07  0.00000000e+00  9.60782763e-01 -6.12262819e-02  1.61987206e-01 -5.52097207e-01  1.94586673e-01  2.56752301e-01 -3.93539799e-04 -1.16014540e-04 
 3.98107171e+07  3.98107171e+07  0.00000000e+00  9.58560823e-01 -6.23255652e-02  1.58658202e-01 -5.95318109e-01  2.02823947e-01  2.66408786e-01 -4.44355055e-04 -1.19064693e-04 
 4.16869383e+07  4.16869383e+07  0.00000000e+00  9.56296924e-01 -6.33460381e-02  1.52837649e-01 -6.41093428e-01  2.11732823e-01  2.76176907e-01 -5.01085838e-04 -1.20204906e-04 
 4.36515832e+07  4.36515832e+07  0.00000000e+00  9.54001911e-01 -6.42835188e-02  1.44163342e-01 -6.89356264e-01  2.21352792e-01  2.86018677e-01 -5.64217193e-04 -1.18861132e-04 
 4.57088190e+07  4.57088190e+07  0.00000000e+00  9.51687634e-01 -6.51351546e-02  1.32259007e-01 -7.39994026e-01  2.31722641e-01  2.95890229e-01 -6.34227070e-04 -1.14365190e-04 
 4.78630092e+07  4.78630092e+07  0.00000000e+00  9.49366783e-01 -6.58996205e-02  1.16739743e-01 -7.92843830e-01  2.42879780e-01  3.05741478e-01 -7.11574806e-04 -1.05948155e-04 
 5.01187234e+07  5.01187234e+07  0.00000000e+00  9.47052690e-01 -6.65772960e-02  9.72184726e-02 -8.47688555e-01  2.54859472e-01  3.15515855e-01 -7.96687812e-04 -9.27349049e-05 
 5.24807460e+07  5.24807460e+07  0.00000000e+00  9.44759089e-01 -6.71704122e-02  7.33133582e-02 -9.04253735e-01  2.67693983e-01  3.25150117e-01 -8.89946565e-04 -7.37402026e-05 
 5.49540874e+07  5.49540874e+07  0.00000000e+00  9.42499854e-01 -6.76831617e-02  4.46560471e-02 -9.62205522e-01  2.81411633e-01  3.34574269e-01 -9.91668045e-04 -4.78666900e-05 
 5.75439937e+07  5.75439937e+07  0.00000000e+00  9.40288703e-01 -6.81217642e-02  1.09005863e-02 -1.02114991e+00  2.96035791e-01  3.43711612e-01 -1.10208784e-03 -1.39051514e-05 
 6.02559586e+07  6.02559586e+07  0.00000000e+00  9.38138898e-01 -6.84944840e-02 -2.82672025e-02 -1.08063338e+00  3.11583807e-01  3.52478941e-01 -1.22134127e-03  2.94626165e-05 
 6.30957344e+07  6.30957344e+07  0.00000000e+00  9.36062929e-01 -6.88115958e-02 -7.31201396e-02 -1.14014511e+00  3.28065916e-01  3.60786904e-01 -1.34944384e-03  8.36580400e-05 
 6.60693448e+07  6.60693448e+07  0.00000000e+00  9.34072207e-01 -6.90852972e-02 -1.23880178e-01 -1.19912080e+00  3.45484140e-01  3.68540552e-01 -1.48627153e-03  1.50196884e-04 
 6.91830971e+07  6.91830971e+07  0.00000000e+00  9.32176776e-01 -6.93295710e-02 -1.80709272e-01 -1.25694820e+00  3.63831220e-01  3.75640068e-01 -1.63154148e-03  2.30677106e-04 
 7.24435960e+07  7.24435960e+07  0.00000000e+00  9.30385037e-01 -6.95599980e-02 -2.43700947e-01 -1.31297420e+00  3.83089604e-01  3.81981703e-01 -1.78479352e-03  3.26763406e-04 
 7.58577575e+07  7.58577575e+07  0.00000000e+00  9.28703513e-01 -6.97935281e-02 -3.12872875e-01 -1.36651350e+00  4.03230555e-01  3.87458893e-01 -1.94537315e-03  4.40168538e-04 
 7.94328235e+07  7.94328235e+07  0.00000000e+00  9.27136653e-01 -7.00482144e-02 -3.88160766e-01 -1.41685859e+00  4.24213393e-01  3.91963564e-01 -2.11241660e-03  5.72631565e-04 
 8.31763771e+07  8.31763771e+07  0.00000000e+00  9.25686676e-01 -7.03429196e-02 -4.69413840e-01 -1.46329089e+00  4.45984932e-01  3.95387583e-01 -2.28483845e-03  7.25893376e-04 
 8.70963590e+07  8.70963590e+07  0.00000000e+00  9.24353467e-01 -7.06970037e-02 -5.56392108e-01 -1.50509266e+00  4.68479129e-01  3.97624338e-01 -2.46132231e-03  9.01669884e-04 
 9.12010839e+07  9.12010839e+07  0.00000000e+00  9.23134523e-01 -7.11300010e-02 -6.48765625e-01 -1.54155947e+00  4.91616994e-01  3.98570394e-01 -2.64031482e-03  1.10162345e-03 
 9.54992586e+07  9.54992586e+07  0.00000000e+00  9.22024948e-01 -7.16612979e-02 -7.46115817e-01 -1.57201267e+00  5.15306773e-01  3.98127174e-01 -2.82002339e-03  1.32733313e-03 
 1.00000000e+08  1.00000000e+08  0.00000000e+00  9.21017499e-01 -7.23098182e-02 -8.47938890e-01 -1.59581161e+00  5.39444404e-01  3.96202618e-01 -2.99841760e-03  1.58026445e-03 
 1.04712855e+08  1.04712855e+08  0.00000000e+00  9.20102668e-01 -7.30937257e-02 -9.53651252e-01 -1.61236513e+00  5.63914263e-01  3.92712734e-01 -3.17323417e-03  1.86173934e-03 
 1.09647820e+08  1.09647820e+08  0.00000000e+00  9.19268812e-01 -7.40301492e-02 -1.06259677e+00 -1.62114187e+00  5.88590157e-01  3.87582996e-01 -3.34198527e-03  2.17290687e-03 
 1.14815362e+08  1.14815362e+08  0.00000000e+00  9.18502308e-01 -7.51349375e-02 -1.17405561e+00 -1.62167909e+00  6.13336547e-01  3.80749529e-01 -3.50196953e-03  2.51471536e-03 
 1.20226443e+08  1.20226443e+08  0.00000000e+00  9.17787734e-01 -7.64224455e-02 -1.28725434e+00 -1.61358967e+00  6.38009934e-01  3.72160004e-01 -3.65028515e-03  2.88788618e-03 
 1.25892541e+08  1.25892541e+08  0.00000000e+00  9.17108066e-01 -7.79053552e-02 -1.40137679e+00 -1.59656705e+00  6.62460347e-01  3.61774232e-01 -3.78384428e-03  3.29288938e-03 
 1.31825674e+08  1.31825674e+08  0.00000000e+00  9.16444877e-01 -7.95945298e-02 -1.51557533e+00 -1.57038790e+00  6.86532852e-01  3.49564389e-01 -3.89938758e-03  3.72992100e-03 
 1.38038426e+08  1.38038426e+08  0.00000000e+00  9.15778541e-01 -8.14988991e-02 -1.62898195e+00 -1.53491258e+00  7.10069001e-01  3.35514902e-01 -3.99349802e-03  4.19888167e-03 
 1.44543977e+08  1.44543977e+08  0.00000000e+00  9.15088422e-01 -8.36253709e-02 -1.74071867e+00 -1.49008334e+00  7.32908107e-01  3.19621956e-01 -4.06261291e-03  4.69935542e-03 
 1.51356125e+08  1.51356125e+08  0.00000000e+00  9.14353051e-01 -8.59787619e-02 -1.84990671e+00 -1.43592050e+00  7.54888268e-01  3.01892678e-01 -4.10303315e-03  5.23058759e-03 
 1.58489319e+08  1.58489319e+08  0.00000000e+00  9.13550272e-01 -8.85617383e-02 -1.95567403e+00 -1.37251680e+00  7.75847021e-01  2.82344019e-01 -4.11092890e-03  5.79145992e-03 
 1.65958691e+08  1.65958691e+08  0.00000000e+00  9.12657376e-01 -9.13747562e-02 -2.05716063e+00 -1.30003030e+00  7.95621542e-01  2.61001400e-01 -4.08234114e-03  6.38046054e-03 
 1.73780083e+08  1.73780083e+08  0.00000000e+00  9.11651190e-01 -9.44159863e-02 -2.15352132e+00 -1.21867629e+00  8.14048270e-01  2.37897187e-01 -4.01317882e-03  6.99564582e-03 
 1.81970086e+08  1.81970086e+08  0.00000000e+00  9.10508156e-01 -9.76812096e-02 -2.24392547e+00 -1.12871859e+00  8.30961871e-01  2.13069086e-01 -3.89921162e-03  7.63459048e-03 
 1.90546072e+08  1.90546072e+08  0.00000000e+00  9.09204370e-01 -1.01163663e-01 -2.32755341e+00 -1.03046091e+00  8.46193395e-01  1.86558560e-01 -3.73605925e-03  8.29432121e-03 
 1.99526231e+08  1.99526231e+08  0.00000000e+00  9.07715617e-01 -1.04853813e-01 -2.40358898e+00 -9.24238788e-01  8.59567511e-01  1.58409385e-01 -3.51917850e-03  8.97122803e-03 
 2.08929613e+08  2.08929613e+08  0.00000000e+00  9.06017390e-01 -1.08739038e-01 -2.47120789e+00 -8.10412861e-01  8.70898624e-01  1.28666506e-01 -3.24385064e-03  9.66094572e-03 
 2.18776162e+08  2.18776162e+08  0.00000000e+00  9.04084928e-01 -1.12803171e-01 -2.52956111e+00 -6.89364297e-01  8.79985641e-01  9.73753836e-02 -2.90517342e-03  1.03581956e-02 
 2.29086765e+08  2.29086765e+08  0.00000000e+00  9.01893293e-01 -1.17025874e-01 -2.57775251e+00 -5.61493529e-01  8.86605064e-01  6.45821145e-02 -2.49806416e-03  1.10565750e-02 
 2.39883292e+08  2.39883292e+08  0.00000000e+00  8.99417525e-01 -1.21381790e-01 -2.61480958e+00 -4.27223823e-01  8.90501963e-01  3.03347409e-02 -2.01728499e-03  1.17482755e-02 
 2.51188643e+08  2.51188643e+08  0.00000000e+00  8.96632953e-01 -1.25839391e-01 -2.63964554e+00 -2.87011975e-01  8.91378197e-01 -5.31361379e-03 -1.45750761e-03  1.24237088e-02 
 2.63026799e+08  2.63026799e+08  0.00000000e+00  8.93515751e-01 -1.30359430e-01 -2.65101047e+00 -1.41369706e-01  8.88877027e-01 -4.22987545e-02 -8.13446996e-04  1.30710039e-02 
 2.75422870e+08  2.75422870e+08  0.00000000e+00  8.90043927e-01 -1.34892879e-01 -2.64742854e+00  9.09851501e-03  8.82562944e-01 -8.05348814e-02 -8.01125720e-05  1.36753342e-02 
 2.88403150e+08  2.88403150e+08  0.00000000e+00  8.86199022e-01 -1.39378170e-01 -2.62711724e+00  1.63631822e-01  8.71895155e-01 -1.19896690e-01  7.46739727e-04  1.42180118e-02 
 3.01995172e+08  3.01995172e+08  0.00000000e+00  8.81968996e-01 -1.43737552e-01 -2.58788426e+00  3.21207681e-01  8.56192824e-01 -1.60189290e-01  1.66981081e-03  1.46752711e-02 
 3.16227766e+08  3.16227766e+08  0.00000000e+00  8.77353146e-01 -1.47872331e-01 -2.52699827e+00  4.80368187e-01  8.34590062e-01 -2.01097636e-01  2.68886477e-03  1.50166481e-02 
 3.31131121e+08  3.31131121e+08  0.00000000e+00  8.72370489e-01 -1.51656866e-01 -2.44103462e+00  6.38931805e-01  8.05979576e-01 -2.42100948e-01  3.79828982e-03  1.52028685e-02 
 3.46736850e+08  3.46736850e+08  0.00000000e+00  8.67074152e-01 -1.54931554e-01 -2.32571301e+00  7.93511092e-01  7.68947855e-01 -2.82326639e-01  4.98281110e-03  1.51832416e-02 
 3.63078055e+08  3.63078055e+08  0.00000000e+00  8.61576205e-01 -1.57496240e-01 -2.17578821e+00  9.38700826e-01  7.21717045e-01 -3.20299268e-01  6.20992155e-03  1.48928769e-02 
 3.80189396e+08  3.80189396e+08  0.00000000e+00  8.56090419e-01 -1.59108838e-01 -1.98517271e+00  1.06571522e+00  6.62142990e-01 -3.53509486e-01  7.41653428e-03  1.42510002e-02 
 3.98107171e+08  3.98107171e+08  0.00000000e+00  8.51004381e-01 -1.59502787e-01 -1.74776488e+00  1.16015721e+00  5.87908860e-01 -3.77688834e-01  8.48584909e-03  1.31643076e-02 
 4.16869383e+08  4.16869383e+08  0.00000000e+00  8.46993190e-01 -1.58458817e-01 -1.46015488e+00  1.19865138e+00  4.97275172e-01 -3.85670273e-01  9.20951649e-03  1.15461526e-02 
 4.36515832e+08  4.36515832e+08  0.00000000e+00  8.45165028e-01 -1.56013863e-01 -1.12881579e+00  1.14492716e+00  3.91225235e-01 -3.65939677e-01  9.23563631e-03  9.37793925e-03 
 4.57088190e+08  4.57088190e+08  0.00000000e+00  8.47117333e-01 -1.52959502e-01 -7.86233507e-01  9.49720202e-01  2.78542189e-01 -3.02117916e-01  8.03614545e-03  6.86441596e-03 
 4.78630092e+08  4.78630092e+08  0.00000000e+00  8.54442602e-01 -1.51724735e-01 -5.17482529e-01  5.69477067e-01  1.84751998e-01 -1.78047598e-01  5.03591471e-03  4.72685151e-03 
 5.01187234e+08  5.01187234e+08  0.00000000e+00  8.66788838e-01 -1.56938727e-01 -4.71926872e-01  3.00254822e-02  1.57761448e-01  2.49607440e-03  2.07151020e-04  4.43971342e-03 
 5.24807460e+08  5.24807460e+08  0.00000000e+00  8.78897627e-01 -1.73096134e-01 -7.79548842e-01 -4.86655980e-01  2.44167008e-01  1.85875633e-01 -4.92462364e-03  7.58605130e-03 
 5.49540874e+08  5.49540874e+08  0.00000000e+00  8.81857626e-01 -1.98545914e-01 -1.36444777e+00 -7.01430658e-01  4.28681767e-01  2.81375596e-01 -7.48797928e-03  1.39246542e-02 
 5.75439937e+08  5.75439937e+08  0.00000000e+00  8.71183213e-01 -2.24314907e-01 -1.93454247e+00 -4.97193056e-01  6.22832624e-01  2.42409961e-01 -5.76944951e-03  2.07672408e-02 
 6.02559586e+08  6.02559586e+08  0.00000000e+00  8.50509874e-01 -2.41701041e-01 -2.23491881e+00 -8.22438600e-03  7.41752452e-01  1.02343613e-01 -6.06330953e-04  2.52456783e-02 
 6.30957344e+08  6.30957344e+08  0.00000000e+00  8.27036229e-01 -2.46907878e-01 -2.17698050e+00  5.45545837e-01  7.49404858e-01 -7.37069084e-02  5.90481022e-03  2.58884666e-02 
 6.60693448e+08  6.60693448e+08  0.00000000e+00  8.08545488e-01 -2.39942320e-01 -1.78111629e+00  9.56071962e-01  6.42561226e-01 -2.20664025e-01  1.13497558e-02  2.23244571e-02 
 6.91830971e+08  6.91830971e+08  0.00000000e+00  8.03634709e-01 -2.25361919e-01 -1.17090829e+00  1.01347973e+00  4.48049848e-01 -2.66735122e-01  1.27890920e-02  1.54921868e-02 
 7.24435960e+08  7.24435960e+08  0.00000000e+00  8.17186344e-01 -2.16097714e-01 -6.60073334e-01  5.97970596e-01  2.57041804e-01 -1.55706265e-01  7.90088924e-03  9.16186665e-03 
 7.58577575e+08  7.58577575e+08  0.00000000e+00  8.39161011e-01 -2.27018557e-01 -6.10389827e-01 -6.09580985e-02  1.97811055e-01  6.25482280e-02 -1.08891558e-03  8.65661919e-03 
 7.94328235e+08  7.94328235e+08  0.00000000e+00  8.50790342e-01 -2.56238469e-01 -9.94172657e-01 -5.20508252e-01  2.89880086e-01  2.46492429e-01 -8.14590302e-03  1.45931339e-02 
 8.31763771e+08  8.31763771e+08  0.00000000e+00  8.45992892e-01 -2.89473317e-01 -1.48522406e+00 -6.27421638e-01  4.40379426e-01  3.26584200e-01 -1.04302508e-02  2.28773906e-02 
 8.70963590e+08  8.70963590e+08  0.00000000e+00  8.30140830e-01 -3.17835221e-01 -1.87570320e+00 -4.99374059e-01  5.76226785e-01  3.26137283e-01 -9.05044716e-03  3.03748705e-02 
 9.12010839e+08  9.12010839e+08  0.00000000e+00  8.09160931e-01 -3.39722507e-01 -2.12693538e+00 -2.71547659e-01  6.76385155e-01  2.84923602e-01 -5.75933329e-03  3.62051589e-02 
 9.54992586e+08  9.54992586e+08  0.00000000e+00  7.86367418e-01 -3.56219803e-01 -2.26410431e+00 -1.99354080e-02  7.43708690e-01  2.28278107e-01 -1.66238818e-03  4.05004300e-02 
 1.00000000e+09  1.00000000e+09  0.00000000e+00  7.63230921e-01 -3.68688576e-01 -2.31969040e+00  2.22205647e-01  7.86110342e-01  1.68612195e-01  2.69626748e-03  4.35988202e-02 
